query scaffold identity length missmatches gaps start_q end_q start_s end_s e_value score hit start_a end_a gene locus
cDOPA5GT Scaffold_4 99.715 1755 1 3 8 1759 10224928 10226681 0 3210 1 10225134 10226570 AH007215 chr4_1
Betanidin5GT Scaffold_1 99.554 1570 7 0 1 1570 28678029 28679598 0 2861 1 28678123 28679586 AH001644 chr1_1
Betanidin5GT Scaffold_1 76.885 1406 283 30 31 1418 28675400 28676781 0 758 2 28669024 28676796 AH001643 chr1_1
Betanidin5GT Scaffold_1 76.814 1406 287 30 28 1418 28668592 28669973 0 754 3 28665122 28668977 AH001642 chr1_1
Betanidin5GT Scaffold_1 76.814 1406 287 30 28 1418 28668592 28669973 0 754 3 28669024 28676796 AH001643 chr1_1
Betanidin5GT Scaffold_1 76.03 1456 303 39 28 1465 28665119 28666546 0 713 4 28665122 28668977 AH001642 chr1_1
Betanidin5GT Scaffold_1 77.898 1113 222 18 315 1418 28672019 28673116 0 671 5 28669024 28676796 AH001643 chr1_1
Betanidin5GT Scaffold_1 72.172 1441 331 55 37 1452 28661864 28663259 4.12e-102 375 6 28661849 28662994 AH001640 chr1_1
Betanidin5GT Scaffold_1 72.172 1441 331 55 37 1452 28661864 28663259 4.12e-102 375 6 28663035 28663280 AH001641 chr1_1
Betanidin5GT Scaffold_1 73.595 943 219 25 339 1264 14641105 14642034 7e-90 335 7 14640891 14642363 AH000963 chr1_2
Betanidin5GT Scaffold_1 71.52 934 223 36 352 1258 14647791 14648708 1.23e-52 211 8 14647799 14649038 AH000964 chr1_2
Betanidin6GT Scaffold_3 93.427 1567 97 5 2 1563 14651772 14653337 0 2318 1 14644287 14653239 AH005895 chr3_1
Betanidin6GT Scaffold_3 87.707 1448 174 4 13 1457 14620818 14622264 0 1685 2 14620815 14622262 AH005894 chr3_1
CYP76AD Scaffold_16 99.2 1630 7 3 1 1617 5301534 5305660 0 1757 1 5301687 5302514 AH023178 chr16_2
CYP76AD Scaffold_1 76.8 1236 275 25 234 1563 7522514 7526241 3.31e-88 329 2 7515169 7526122 AH000687 chr1_3
CYP76AD Scaffold_1 76.2 1172 275 23 187 1527 37740664 37742293 1.56e-76 291 3 37740768 37741013 AH002452 chr1_4
DODA1 Scaffold_16 76.8 615 135 7 17 618 5234868 5238676 2.28e- 48 196 2 5230972 5238675 AH023177 chr16_2
DODA1 Scaffold_6 79.8 671 139 17 35 806 13866170 13868201 1.37e- 45 187 3 13866148 13868241 AH010348 chr6_1
DODA1 Scaffold_6 100 1038 1 0 7 1036 13871531 13876855 0 728 1 13871541 13889089 AH010349 chr6_1
DODA1 Scaffold_6 76.9 517 115 9 43 549 13885635 13887710 8.32e- 38 161 4 13871541 13889089 AH010349 chr6_1
DODA2 Scaffold_16 79.4 523 115 9 195 906 5231218 5238576 7.32e- 29 132 3 5230972 5238675 AH023177 chr16_2
DODA2 Scaffold_6 87.2 242 41 7 350 630 13866927 13867207 2.05e- 24 117 4 13866148 13868241 AH010348 chr6_1
DODA2 Scaffold_6 77.3 504 113 7 124 630 13871567 13875822 9.33e- 38 161 2 13871541 13889089 AH010349 chr6_1
DODA2 Scaffold_6 100 1185 0 2 10 1187 13885519 13889199 0 857 1 13871541 13889089 AH010349 chr6_1
BvMYB1-like Scaffold_10 70.8 231 97 6 1 214 21755808 21758107 1.56e-15 78.2 1 21755835 21758094 AH016568 NA
BvMYB1-like Scaffold_16 66.7 250 103 6 8 202 988637 991270 4.08e-19 88.6 2 NA NA NA chr16_1
