HQ656025.1	Scaffold_16	99.181	977	5	2	1	975	5301534	5302509	0.0	1757
HQ656025.1	Scaffold_16	98.928	653	2	1	970	1617	5305008	5305660	0.0	1162
HQ656025.1	Scaffold_16	86.364	44	4	2	22	64	2583788	2583746	0.004	47.3
HQ656025.1	Scaffold_16	84.783	46	3	4	22	65	4864878	4864835	0.048	43.6
HQ656025.1	Scaffold_16	100.000	23	0	0	49	71	10400458	10400480	0.048	43.6
HQ656025.1	Scaffold_16	90.000	30	3	0	49	78	5196913	5196942	0.63	39.9
HQ656025.1	Scaffold_16	78.082	73	8	6	3	73	9202063	9202129	0.63	39.9
HQ656025.1	Scaffold_16	95.652	23	1	0	1579	1601	2494537	2494515	2.2	38.1
HQ656025.1	Scaffold_16	95.833	24	0	1	135	158	3753092	3753114	2.2	38.1
HQ656025.1	Scaffold_16	83.721	43	3	3	886	927	4351117	4351156	2.2	38.1
HQ656025.1	Scaffold_16	82.609	46	4	3	141	182	5432063	5432108	2.2	38.1
HQ656025.1	Scaffold_16	90.000	30	1	2	731	759	6746783	6746811	2.2	38.1
HQ656025.1	Scaffold_16	100.000	20	0	0	337	356	16871626	16871607	2.2	38.1
HQ656025.1	Scaffold_16	89.655	29	1	2	56	84	387735	387709	8.1	36.2
HQ656025.1	Scaffold_16	95.455	22	1	0	818	839	1607617	1607638	8.1	36.2
HQ656025.1	Scaffold_16	85.714	35	3	2	27	60	1727039	1727072	8.1	36.2
HQ656025.1	Scaffold_16	86.486	37	0	5	39	72	1944714	1944748	8.1	36.2
HQ656025.1	Scaffold_16	92.000	25	2	0	139	163	2340614	2340638	8.1	36.2
HQ656025.1	Scaffold_16	82.927	41	5	2	123	162	2794337	2794298	8.1	36.2
HQ656025.1	Scaffold_16	82.927	41	5	2	1560	1599	4027519	4027558	8.1	36.2
HQ656025.1	Scaffold_16	92.308	26	0	2	1453	1477	4300761	4300737	8.1	36.2
HQ656025.1	Scaffold_16	92.308	26	0	2	1054	1077	5732661	5732636	8.1	36.2
HQ656025.1	Scaffold_16	85.714	35	3	2	1449	1481	7976428	7976394	8.1	36.2
HQ656025.1	Scaffold_16	100.000	19	0	0	47	65	8366889	8366871	8.1	36.2
HQ656025.1	Scaffold_16	87.500	32	3	1	131	161	9411358	9411389	8.1	36.2
HQ656025.1	Scaffold_16	90.000	30	0	3	38	67	9522791	9522817	8.1	36.2
HQ656025.1	Scaffold_16	85.714	35	3	2	27	60	10403801	10403768	8.1	36.2
HQ656025.1	Scaffold_16	100.000	19	0	0	337	355	14185250	14185268	8.1	36.2
HQ656025.1	Scaffold_1	76.795	599	132	7	970	1563	7523110	7522514	3.31e-88	329
HQ656025.1	Scaffold_1	76.241	564	125	8	970	1527	37741733	37742293	1.56e-76	291
HQ656025.1	Scaffold_1	74.411	637	143	18	234	860	7526241	7525615	5.71e-66	255
HQ656025.1	Scaffold_1	72.039	608	150	15	187	783	37740664	37741262	3.56e-38	163
HQ656025.1	Scaffold_1	82.090	67	11	1	1354	1419	36795621	36795687	6.21e-06	56.5
HQ656025.1	Scaffold_1	85.714	42	6	0	930	971	7525536	7525495	0.013	45.4
HQ656025.1	Scaffold_1	84.444	45	5	2	22	65	26108854	26108897	0.048	43.6
HQ656025.1	Scaffold_1	82.692	52	6	3	22	72	28441279	28441230	0.048	43.6
HQ656025.1	Scaffold_1	81.818	55	6	4	34	85	34854570	34854623	0.048	43.6
HQ656025.1	Scaffold_1	85.714	42	3	3	41	80	3942524	3942484	0.17	41.7
HQ656025.1	Scaffold_1	79.412	68	6	7	13	78	9569762	9569701	0.17	41.7
HQ656025.1	Scaffold_1	92.857	28	1	1	22	48	3598860	3598887	0.63	39.9
HQ656025.1	Scaffold_1	90.323	31	1	1	1450	1480	3907555	3907527	0.63	39.9
HQ656025.1	Scaffold_1	85.366	41	3	3	37	76	5608917	5608879	0.63	39.9
HQ656025.1	Scaffold_1	88.235	34	2	2	53	84	7898285	7898318	0.63	39.9
HQ656025.1	Scaffold_1	96.000	25	0	1	340	364	12394566	12394543	0.63	39.9
HQ656025.1	Scaffold_1	87.879	33	4	0	33	65	32121311	32121343	0.63	39.9
HQ656025.1	Scaffold_1	82.000	50	6	3	19	67	33665555	33665602	0.63	39.9
HQ656025.1	Scaffold_1	82.000	50	6	3	19	67	33675425	33675472	0.63	39.9
HQ656025.1	Scaffold_1	92.308	26	2	0	141	166	3771082	3771107	2.2	38.1
HQ656025.1	Scaffold_1	90.000	30	1	2	56	84	5682101	5682073	2.2	38.1
HQ656025.1	Scaffold_1	95.652	23	1	0	49	71	10840553	10840531	2.2	38.1
HQ656025.1	Scaffold_1	92.593	27	1	1	131	157	12048897	12048872	2.2	38.1
HQ656025.1	Scaffold_1	100.000	20	0	0	144	163	19004261	19004280	2.2	38.1
HQ656025.1	Scaffold_1	90.323	31	0	3	4	34	19153189	19153162	2.2	38.1
HQ656025.1	Scaffold_1	87.879	33	3	1	32	64	21446897	21446928	2.2	38.1
HQ656025.1	Scaffold_1	83.333	42	6	1	11	51	24946197	24946238	2.2	38.1
HQ656025.1	Scaffold_1	82.609	46	4	4	22	65	26398513	26398556	2.2	38.1
HQ656025.1	Scaffold_1	85.000	40	3	2	677	713	26681938	26681977	2.2	38.1
HQ656025.1	Scaffold_1	88.235	34	0	4	33	63	29832369	29832401	2.2	38.1
HQ656025.1	Scaffold_1	84.615	39	4	2	687	724	33335047	33335010	2.2	38.1
HQ656025.1	Scaffold_1	79.661	59	7	4	10	65	35163095	35163039	2.2	38.1
HQ656025.1	Scaffold_1	81.818	44	6	2	22	64	729092	729134	8.1	36.2
HQ656025.1	Scaffold_1	81.818	44	6	2	22	64	1558085	1558043	8.1	36.2
HQ656025.1	Scaffold_1	83.333	42	3	3	719	760	1577509	1577472	8.1	36.2
HQ656025.1	Scaffold_1	84.211	38	4	2	36	72	3755374	3755410	8.1	36.2
HQ656025.1	Scaffold_1	92.308	26	1	1	40	65	4633011	4633035	8.1	36.2
HQ656025.1	Scaffold_1	85.714	35	3	2	30	64	6538352	6538320	8.1	36.2
HQ656025.1	Scaffold_1	92.308	26	1	1	693	718	9409519	9409543	8.1	36.2
HQ656025.1	Scaffold_1	92.308	26	1	1	693	718	9415363	9415387	8.1	36.2
HQ656025.1	Scaffold_1	79.245	53	9	2	34	84	9538324	9538376	8.1	36.2
HQ656025.1	Scaffold_1	89.655	29	1	2	712	739	9617987	9617960	8.1	36.2
HQ656025.1	Scaffold_1	100.000	19	0	0	63	81	10021321	10021339	8.1	36.2
HQ656025.1	Scaffold_1	92.308	26	0	2	860	883	10123921	10123946	8.1	36.2
HQ656025.1	Scaffold_1	100.000	19	0	0	808	826	14017309	14017327	8.1	36.2
HQ656025.1	Scaffold_1	81.633	49	3	6	40	83	15908253	15908300	8.1	36.2
HQ656025.1	Scaffold_1	100.000	19	0	0	338	356	17057006	17056988	8.1	36.2
HQ656025.1	Scaffold_1	89.286	28	3	0	867	894	20332960	20332933	8.1	36.2
HQ656025.1	Scaffold_1	92.308	26	0	2	694	719	21937109	21937086	8.1	36.2
HQ656025.1	Scaffold_1	89.655	29	2	1	150	178	23638816	23638843	8.1	36.2
HQ656025.1	Scaffold_1	87.500	32	2	2	898	928	24218538	24218568	8.1	36.2
HQ656025.1	Scaffold_1	100.000	19	0	0	199	217	27702336	27702318	8.1	36.2
HQ656025.1	Scaffold_1	80.392	51	6	3	24	73	29014403	29014356	8.1	36.2
HQ656025.1	Scaffold_1	85.714	35	3	2	38	72	29193716	29193684	8.1	36.2
HQ656025.1	Scaffold_1	87.500	32	2	2	864	893	30895406	30895375	8.1	36.2
HQ656025.1	Scaffold_1	92.308	26	1	1	51	76	33784563	33784587	8.1	36.2
HQ656025.1	Scaffold_1	89.655	29	2	1	37	64	36424675	36424647	8.1	36.2
HQ656025.1	Scaffold_1	82.222	45	4	4	8	51	36528191	36528232	8.1	36.2
HQ656025.1	Scaffold_1	85.714	35	4	1	39	73	36698681	36698714	8.1	36.2
HQ656025.1	Scaffold_1	89.655	29	1	2	138	166	38117642	38117616	8.1	36.2
HQ656025.1	Scaffold_2	73.650	611	142	17	970	1568	31697035	31696432	7.49e-55	219
HQ656025.1	Scaffold_2	72.104	613	149	19	970	1569	2034549	2035152	9.89e-39	165
HQ656025.1	Scaffold_2	72.204	608	144	22	970	1563	16279700	16279104	3.56e-38	163
HQ656025.1	Scaffold_2	74.534	161	29	11	1257	1411	26462230	26462076	4.80e-07	60.2
HQ656025.1	Scaffold_2	77.320	97	21	1	976	1072	6806352	6806447	6.21e-06	56.5
HQ656025.1	Scaffold_2	73.759	141	35	2	242	380	2032684	2032824	2.23e-05	54.7
HQ656025.1	Scaffold_2	92.105	38	3	0	1374	1411	26418693	26418656	2.23e-05	54.7
HQ656025.1	Scaffold_2	85.417	48	7	0	718	765	6805968	6806015	2.89e-04	51.0
HQ656025.1	Scaffold_2	81.967	61	10	1	303	362	31698161	31698101	2.89e-04	51.0
HQ656025.1	Scaffold_2	89.474	38	4	0	1374	1411	26449033	26448996	0.001	49.1
HQ656025.1	Scaffold_2	79.710	69	13	1	27	95	31297692	31297625	0.001	49.1
HQ656025.1	Scaffold_2	90.323	31	3	0	17	47	24878507	24878477	0.17	41.7
HQ656025.1	Scaffold_2	96.000	25	1	0	42	66	26976454	26976430	0.17	41.7
HQ656025.1	Scaffold_2	85.366	41	5	1	38	77	34444542	34444582	0.17	41.7
HQ656025.1	Scaffold_2	81.481	54	7	3	27	78	35457638	35457586	0.17	41.7
HQ656025.1	Scaffold_2	86.111	36	5	0	49	84	1449799	1449764	0.63	39.9
HQ656025.1	Scaffold_2	82.000	50	6	3	24	70	7197979	7197930	0.63	39.9
HQ656025.1	Scaffold_2	85.000	40	4	2	642	680	24505661	24505623	0.63	39.9
HQ656025.1	Scaffold_2	86.842	38	2	3	30	65	25481155	25481119	0.63	39.9
HQ656025.1	Scaffold_2	92.593	27	2	0	61	87	27791039	27791013	0.63	39.9
HQ656025.1	Scaffold_2	86.486	37	3	2	51	87	31779323	31779289	0.63	39.9
HQ656025.1	Scaffold_2	100.000	20	0	0	1537	1556	69830	69811	2.2	38.1
HQ656025.1	Scaffold_2	86.111	36	3	2	49	82	1960809	1960844	2.2	38.1
HQ656025.1	Scaffold_2	82.222	45	7	1	35	79	5307800	5307757	2.2	38.1
HQ656025.1	Scaffold_2	90.000	30	1	2	57	84	6686214	6686243	2.2	38.1
HQ656025.1	Scaffold_2	71.528	144	39	2	1225	1367	6806600	6806742	2.2	38.1
HQ656025.1	Scaffold_2	92.593	27	1	1	26	51	11923834	11923808	2.2	38.1
HQ656025.1	Scaffold_2	90.000	30	1	2	1559	1587	15277349	15277321	2.2	38.1
HQ656025.1	Scaffold_2	87.879	33	2	2	39	71	18371914	18371884	2.2	38.1
HQ656025.1	Scaffold_2	89.655	29	3	0	1376	1404	25958335	25958363	2.2	38.1
HQ656025.1	Scaffold_2	89.655	29	3	0	35	63	30925233	30925261	2.2	38.1
HQ656025.1	Scaffold_2	92.308	26	2	0	1576	1601	32898257	32898232	2.2	38.1
HQ656025.1	Scaffold_2	89.286	28	3	0	34	61	485868	485895	8.1	36.2
HQ656025.1	Scaffold_2	89.655	29	2	1	37	65	875745	875718	8.1	36.2
HQ656025.1	Scaffold_2	95.455	22	1	0	51	72	1433826	1433847	8.1	36.2
HQ656025.1	Scaffold_2	100.000	19	0	0	135	153	1990678	1990696	8.1	36.2
HQ656025.1	Scaffold_2	89.286	28	3	0	1499	1526	2991568	2991541	8.1	36.2
HQ656025.1	Scaffold_2	89.655	29	1	1	30	56	4402721	4402749	8.1	36.2
HQ656025.1	Scaffold_2	87.500	32	3	1	13	44	5028003	5027973	8.1	36.2
HQ656025.1	Scaffold_2	86.111	36	1	4	30	63	5209403	5209370	8.1	36.2
HQ656025.1	Scaffold_2	89.286	28	3	0	1450	1477	5210005	5210032	8.1	36.2
HQ656025.1	Scaffold_2	95.455	22	1	0	752	773	10410724	10410703	8.1	36.2
HQ656025.1	Scaffold_2	92.000	25	2	0	50	74	11665055	11665031	8.1	36.2
HQ656025.1	Scaffold_2	87.500	32	2	2	141	170	11903892	11903923	8.1	36.2
HQ656025.1	Scaffold_2	87.500	32	2	2	821	851	12946968	12946938	8.1	36.2
HQ656025.1	Scaffold_2	92.000	25	2	0	42	66	13976714	13976738	8.1	36.2
HQ656025.1	Scaffold_2	87.097	31	4	0	1569	1599	15127639	15127609	8.1	36.2
HQ656025.1	Scaffold_2	92.308	26	1	1	59	84	15564961	15564937	8.1	36.2
HQ656025.1	Scaffold_2	92.308	26	1	1	707	732	15988169	15988193	8.1	36.2
HQ656025.1	Scaffold_2	87.879	33	1	3	22	51	16563583	16563551	8.1	36.2
HQ656025.1	Scaffold_2	78.333	60	9	4	22	79	16972335	16972278	8.1	36.2
HQ656025.1	Scaffold_2	89.655	29	1	2	40	67	20326171	20326198	8.1	36.2
HQ656025.1	Scaffold_2	100.000	19	0	0	812	830	22959166	22959148	8.1	36.2
HQ656025.1	Scaffold_2	92.308	26	0	2	74	98	24576484	24576508	8.1	36.2
HQ656025.1	Scaffold_2	95.455	22	1	0	142	163	24911035	24911014	8.1	36.2
HQ656025.1	Scaffold_2	95.652	23	0	1	50	71	25017493	25017515	8.1	36.2
HQ656025.1	Scaffold_2	87.500	32	2	2	2	31	26134972	26134941	8.1	36.2
HQ656025.1	Scaffold_2	89.286	28	3	0	17	44	27219030	27219003	8.1	36.2
HQ656025.1	Scaffold_2	92.000	25	2	0	53	77	28901887	28901863	8.1	36.2
HQ656025.1	Scaffold_2	83.721	43	2	3	42	81	31312886	31312926	8.1	36.2
HQ656025.1	Scaffold_2	87.500	32	3	1	26	57	31839935	31839905	8.1	36.2
HQ656025.1	Scaffold_2	82.500	40	7	0	50	89	34227960	34227921	8.1	36.2
HQ656025.1	Scaffold_2	95.455	22	1	0	45	66	34622178	34622199	8.1	36.2
HQ656025.1	Scaffold_15	75.171	439	97	12	1108	1540	4227715	4227283	3.51e-48	196
HQ656025.1	Scaffold_15	70.898	512	131	17	970	1472	4213644	4214146	2.19e-20	104
HQ656025.1	Scaffold_15	76.440	191	37	8	595	781	4211450	4211636	3.66e-18	97.1
HQ656025.1	Scaffold_15	84.158	101	12	4	1374	1472	4249890	4249988	1.32e-17	95.3
HQ656025.1	Scaffold_15	79.259	135	26	2	1340	1473	4206228	4206361	4.73e-17	93.5
HQ656025.1	Scaffold_15	71.579	380	95	10	1169	1540	4197278	4197652	1.70e-16	91.6
HQ656025.1	Scaffold_15	75.916	191	38	8	595	781	4248339	4248525	1.70e-16	91.6
HQ656025.1	Scaffold_15	75.000	192	38	10	595	781	4219853	4220039	3.69e-13	80.5
HQ656025.1	Scaffold_15	73.864	176	38	8	595	766	4203230	4203401	3.71e-08	63.9
HQ656025.1	Scaffold_15	73.184	179	45	3	187	363	4211042	4211219	1.34e-07	62.1
HQ656025.1	Scaffold_15	77.143	105	19	5	1373	1474	4222925	4223027	6.21e-06	56.5
HQ656025.1	Scaffold_15	70.330	273	75	6	983	1252	4249499	4249768	2.89e-04	51.0
HQ656025.1	Scaffold_15	79.104	67	14	0	305	371	4228783	4228717	0.004	47.3
HQ656025.1	Scaffold_15	80.702	57	11	0	713	769	4228375	4228319	0.013	45.4
HQ656025.1	Scaffold_15	86.047	43	4	2	22	64	8424854	8424814	0.013	45.4
HQ656025.1	Scaffold_15	86.047	43	4	2	22	63	17212974	17213015	0.013	45.4
HQ656025.1	Scaffold_15	71.429	196	46	10	983	1173	4205871	4206061	0.048	43.6
HQ656025.1	Scaffold_15	84.444	45	5	2	22	65	7286761	7286804	0.048	43.6
HQ656025.1	Scaffold_15	74.747	99	22	3	267	363	4219525	4219622	0.17	41.7
HQ656025.1	Scaffold_15	82.353	51	5	4	22	71	6267538	6267491	0.17	41.7
HQ656025.1	Scaffold_15	96.000	25	0	1	146	169	3900498	3900474	0.63	39.9
HQ656025.1	Scaffold_15	70.950	179	49	3	187	363	4247931	4248108	0.63	39.9
HQ656025.1	Scaffold_15	86.486	37	4	1	37	73	8716561	8716526	0.63	39.9
HQ656025.1	Scaffold_15	95.833	24	1	0	39	62	15028949	15028926	0.63	39.9
HQ656025.1	Scaffold_15	85.366	41	3	3	26	64	17401122	17401161	0.63	39.9
HQ656025.1	Scaffold_15	72.593	135	29	8	983	1113	4222534	4222664	2.2	38.1
HQ656025.1	Scaffold_15	82.609	46	4	4	22	64	5378454	5378498	2.2	38.1
HQ656025.1	Scaffold_15	75.000	92	17	5	983	1071	7334354	7334266	2.2	38.1
HQ656025.1	Scaffold_15	87.500	32	2	2	53	84	2032672	2032643	8.1	36.2
HQ656025.1	Scaffold_15	87.500	32	2	2	1579	1610	3405608	3405579	8.1	36.2
HQ656025.1	Scaffold_15	87.500	32	2	1	1516	1547	4935341	4935312	8.1	36.2
HQ656025.1	Scaffold_15	100.000	19	0	0	863	881	5580775	5580793	8.1	36.2
HQ656025.1	Scaffold_15	92.308	26	1	1	640	665	11731838	11731814	8.1	36.2
HQ656025.1	Scaffold_15	86.111	36	1	4	39	70	12866025	12865990	8.1	36.2
HQ656025.1	Scaffold_5	73.793	435	107	7	1108	1539	21940767	21941197	9.89e-39	165
HQ656025.1	Scaffold_5	79.508	122	25	0	1352	1473	16563223	16563344	2.20e-15	87.9
HQ656025.1	Scaffold_5	79.798	99	20	0	1313	1411	16501596	16501498	6.17e-11	73.1
HQ656025.1	Scaffold_5	72.687	227	54	7	1317	1539	16750372	16750594	7.98e-10	69.4
HQ656025.1	Scaffold_5	73.837	172	39	5	594	762	16508086	16507918	3.71e-08	63.9
HQ656025.1	Scaffold_5	74.820	139	30	5	236	371	21939585	21939721	1.73e-06	58.4
HQ656025.1	Scaffold_5	78.824	85	10	6	970	1050	16562841	16562921	2.89e-04	51.0
HQ656025.1	Scaffold_5	83.019	53	5	4	27	76	15541327	15541276	0.013	45.4
HQ656025.1	Scaffold_5	78.788	66	13	1	1354	1418	8318431	8318496	0.048	43.6
HQ656025.1	Scaffold_5	71.186	177	50	1	188	363	16508492	16508316	0.048	43.6
HQ656025.1	Scaffold_5	72.340	141	37	2	185	324	16747683	16747822	0.048	43.6
HQ656025.1	Scaffold_5	92.857	28	2	0	16	43	1468752	1468779	0.17	41.7
HQ656025.1	Scaffold_5	87.179	39	1	3	28	64	23355957	23355993	0.17	41.7
HQ656025.1	Scaffold_5	100.000	22	0	0	132	153	24815559	24815538	0.17	41.7
HQ656025.1	Scaffold_5	86.486	37	3	2	27	63	13600804	13600770	0.63	39.9
HQ656025.1	Scaffold_5	85.000	40	4	2	27	65	15150096	15150058	0.63	39.9
HQ656025.1	Scaffold_5	75.000	88	20	2	272	358	16550275	16550361	0.63	39.9
HQ656025.1	Scaffold_5	90.000	30	3	0	970	999	16744934	16744963	0.63	39.9
HQ656025.1	Scaffold_5	79.661	59	8	3	13	67	23692348	23692290	0.63	39.9
HQ656025.1	Scaffold_5	87.500	32	4	0	35	66	2359678	2359709	2.2	38.1
HQ656025.1	Scaffold_5	90.000	30	1	2	55	83	4695494	4695466	2.2	38.1
HQ656025.1	Scaffold_5	88.235	34	0	4	863	895	9926524	9926554	2.2	38.1
HQ656025.1	Scaffold_5	82.979	47	2	5	23	64	11335570	11335615	2.2	38.1
HQ656025.1	Scaffold_5	89.655	29	3	0	41	69	12167438	12167410	2.2	38.1
HQ656025.1	Scaffold_5	77.419	62	14	0	983	1044	16501926	16501865	2.2	38.1
HQ656025.1	Scaffold_5	92.308	26	2	0	1578	1603	18020884	18020859	2.2	38.1
HQ656025.1	Scaffold_5	77.941	68	10	5	5	71	21051515	21051452	2.2	38.1
HQ656025.1	Scaffold_5	92.593	27	1	1	47	72	21561514	21561488	2.2	38.1
HQ656025.1	Scaffold_5	83.721	43	3	3	39	79	22444149	22444109	2.2	38.1
HQ656025.1	Scaffold_5	95.652	23	0	1	700	722	548493	548472	8.1	36.2
HQ656025.1	Scaffold_5	85.714	35	3	2	38	72	901737	901705	8.1	36.2
HQ656025.1	Scaffold_5	100.000	19	0	0	917	935	1075099	1075117	8.1	36.2
HQ656025.1	Scaffold_5	87.500	32	3	1	1	32	2892048	2892018	8.1	36.2
HQ656025.1	Scaffold_5	89.286	28	3	0	38	65	5945711	5945684	8.1	36.2
HQ656025.1	Scaffold_5	92.000	25	2	0	1330	1354	6180538	6180514	8.1	36.2
HQ656025.1	Scaffold_5	81.250	48	6	3	45	90	7549559	7549513	8.1	36.2
HQ656025.1	Scaffold_5	85.714	35	3	2	133	167	8794986	8795018	8.1	36.2
HQ656025.1	Scaffold_5	92.308	26	1	1	55	79	12634653	12634628	8.1	36.2
HQ656025.1	Scaffold_5	100.000	19	0	0	338	356	15532344	15532362	8.1	36.2
HQ656025.1	Scaffold_5	95.455	22	1	0	1295	1316	19472795	19472774	8.1	36.2
HQ656025.1	Scaffold_5	95.455	22	1	0	1198	1219	21477191	21477212	8.1	36.2
HQ656025.1	Scaffold_5	86.111	36	2	3	18	53	21927699	21927667	8.1	36.2
HQ656025.1	Scaffold_5	100.000	19	0	0	649	667	22876092	22876110	8.1	36.2
HQ656025.1	Scaffold_5	81.633	49	3	5	3	47	23057594	23057640	8.1	36.2
HQ656025.1	Scaffold_5	92.308	26	1	1	38	63	24111008	24110984	8.1	36.2
HQ656025.1	Scaffold_5	87.500	32	2	2	21	52	24567918	24567947	8.1	36.2
HQ656025.1	Scaffold_4	75.294	170	38	4	1013	1180	4568205	4568038	1.33e-12	78.7
HQ656025.1	Scaffold_4	83.929	56	5	4	22	76	2474817	2474869	2.89e-04	51.0
HQ656025.1	Scaffold_4	81.132	53	6	4	22	72	3016504	3016454	0.63	39.9
HQ656025.1	Scaffold_4	87.879	33	4	0	33	65	3752993	3752961	0.63	39.9
HQ656025.1	Scaffold_4	80.000	60	6	4	9	67	6250460	6250514	0.63	39.9
HQ656025.1	Scaffold_4	90.000	30	3	0	55	84	11737038	11737009	0.63	39.9
HQ656025.1	Scaffold_4	85.366	41	3	3	29	67	15484708	15484669	0.63	39.9
HQ656025.1	Scaffold_4	90.000	30	1	2	710	738	2570448	2570476	2.2	38.1
HQ656025.1	Scaffold_4	82.609	46	5	3	109	153	4822168	4822125	2.2	38.1
HQ656025.1	Scaffold_4	90.000	30	1	1	1582	1609	14112632	14112603	2.2	38.1
HQ656025.1	Scaffold_4	88.235	34	0	4	820	849	14179782	14179815	2.2	38.1
HQ656025.1	Scaffold_4	100.000	20	0	0	338	357	16085374	16085355	2.2	38.1
HQ656025.1	Scaffold_4	85.714	35	5	0	32	66	25030137	25030171	2.2	38.1
HQ656025.1	Scaffold_4	100.000	20	0	0	53	72	26423519	26423538	2.2	38.1
HQ656025.1	Scaffold_4	82.979	47	3	5	22	66	26444395	26444438	2.2	38.1
HQ656025.1	Scaffold_4	90.000	30	2	1	55	84	26702141	26702113	2.2	38.1
HQ656025.1	Scaffold_4	95.455	22	1	0	24	45	910866	910887	8.1	36.2
HQ656025.1	Scaffold_4	83.333	42	3	4	42	82	1776773	1776811	8.1	36.2
HQ656025.1	Scaffold_4	92.000	25	2	0	814	838	3319741	3319765	8.1	36.2
HQ656025.1	Scaffold_4	95.455	22	1	0	1026	1047	4629432	4629411	8.1	36.2
HQ656025.1	Scaffold_4	87.500	32	2	2	38	68	5300596	5300566	8.1	36.2
HQ656025.1	Scaffold_4	89.655	29	1	2	42	69	8206220	8206193	8.1	36.2
HQ656025.1	Scaffold_4	92.308	26	0	2	52	76	8904224	8904200	8.1	36.2
HQ656025.1	Scaffold_4	100.000	19	0	0	810	828	10226833	10226815	8.1	36.2
HQ656025.1	Scaffold_4	100.000	19	0	0	338	356	13685550	13685568	8.1	36.2
HQ656025.1	Scaffold_4	89.286	28	3	0	802	829	16225942	16225969	8.1	36.2
HQ656025.1	Scaffold_4	89.286	28	3	0	5	32	17039373	17039400	8.1	36.2
HQ656025.1	Scaffold_4	95.455	22	1	0	1580	1601	19586036	19586057	8.1	36.2
HQ656025.1	Scaffold_4	92.308	26	1	1	1579	1603	21910236	21910211	8.1	36.2
HQ656025.1	Scaffold_4	85.714	35	3	2	816	850	23772034	23772002	8.1	36.2
HQ656025.1	Scaffold_4	87.097	31	4	0	35	65	23850837	23850867	8.1	36.2
HQ656025.1	Scaffold_4	89.655	29	1	2	1447	1474	24641492	24641519	8.1	36.2
HQ656025.1	Scaffold_4	81.633	49	3	6	826	871	25506683	25506638	8.1	36.2
HQ656025.1	Scaffold_4	89.286	28	3	0	14	41	26024034	26024061	8.1	36.2
HQ656025.1	Scaffold_4	100.000	19	0	0	54	72	26927747	26927765	8.1	36.2
HQ656025.1	Scaffold_4	79.310	58	6	5	22	78	27609441	27609389	8.1	36.2
HQ656025.1	Scaffold_4	83.784	37	6	0	32	68	27786426	27786390	8.1	36.2
HQ656025.1	Scaffold_9	88.636	44	3	2	22	64	22270119	22270077	8.04e-05	52.8
HQ656025.1	Scaffold_9	75.510	98	22	2	970	1066	8872826	8872922	0.004	47.3
HQ656025.1	Scaffold_9	75.510	98	22	2	970	1066	8914481	8914577	0.004	47.3
HQ656025.1	Scaffold_9	77.500	80	14	4	1376	1453	8873232	8873309	0.013	45.4
HQ656025.1	Scaffold_9	82.353	51	7	2	1362	1411	8831112	8831161	0.048	43.6
HQ656025.1	Scaffold_9	81.818	55	4	5	27	78	9961087	9961036	0.17	41.7
HQ656025.1	Scaffold_9	74.286	105	21	6	1352	1453	8914863	8914964	0.63	39.9
HQ656025.1	Scaffold_9	86.486	37	3	2	37	72	15421072	15421107	0.63	39.9
HQ656025.1	Scaffold_9	82.000	50	6	3	35	84	16020592	16020638	0.63	39.9
HQ656025.1	Scaffold_9	86.111	36	4	1	37	71	3554061	3554096	2.2	38.1
HQ656025.1	Scaffold_9	95.833	24	0	1	57	79	4602436	4602459	2.2	38.1
HQ656025.1	Scaffold_9	100.000	20	0	0	128	147	5296474	5296493	2.2	38.1
HQ656025.1	Scaffold_9	79.032	62	8	5	3	64	8650020	8650076	2.2	38.1
HQ656025.1	Scaffold_9	87.500	32	4	0	132	163	9411977	9411946	2.2	38.1
HQ656025.1	Scaffold_9	86.486	37	2	3	27	63	10068824	10068791	2.2	38.1
HQ656025.1	Scaffold_9	95.652	23	1	0	139	161	11806534	11806556	2.2	38.1
HQ656025.1	Scaffold_9	89.655	29	3	0	35	63	15274105	15274133	2.2	38.1
HQ656025.1	Scaffold_9	92.593	27	1	1	146	171	15668834	15668808	2.2	38.1
HQ656025.1	Scaffold_9	82.609	46	5	3	41	86	15785283	15785325	2.2	38.1
HQ656025.1	Scaffold_9	100.000	20	0	0	1574	1593	16278752	16278771	2.2	38.1
HQ656025.1	Scaffold_9	90.000	30	1	1	27	56	19449507	19449480	2.2	38.1
HQ656025.1	Scaffold_9	90.000	30	1	1	27	56	19450434	19450461	2.2	38.1
HQ656025.1	Scaffold_9	92.308	26	0	2	134	158	147849	147873	8.1	36.2
HQ656025.1	Scaffold_9	92.308	26	1	1	1575	1599	303890	303865	8.1	36.2
HQ656025.1	Scaffold_9	85.714	35	3	2	1	35	2470695	2470663	8.1	36.2
HQ656025.1	Scaffold_9	95.455	22	1	0	20	41	3997606	3997627	8.1	36.2
HQ656025.1	Scaffold_9	87.879	33	0	4	37	68	4536713	4536742	8.1	36.2
HQ656025.1	Scaffold_9	87.500	32	2	2	1289	1318	9928045	9928014	8.1	36.2
HQ656025.1	Scaffold_9	80.000	50	9	1	27	76	11876141	11876093	8.1	36.2
HQ656025.1	Scaffold_9	82.222	45	4	3	128	171	13295080	13295039	8.1	36.2
HQ656025.1	Scaffold_9	85.714	35	3	2	1029	1061	14643720	14643754	8.1	36.2
HQ656025.1	Scaffold_9	81.250	48	5	4	28	74	15233508	15233464	8.1	36.2
HQ656025.1	Scaffold_9	87.500	32	2	2	37	68	15958102	15958131	8.1	36.2
HQ656025.1	Scaffold_9	87.500	32	2	2	49	79	16389965	16389995	8.1	36.2
HQ656025.1	Scaffold_9	92.000	25	2	0	138	162	16766620	16766596	8.1	36.2
HQ656025.1	Scaffold_9	95.455	22	1	0	821	842	18578122	18578101	8.1	36.2
HQ656025.1	Scaffold_9	87.097	31	4	0	38	68	19159913	19159943	8.1	36.2
HQ656025.1	Scaffold_3	91.429	35	3	0	1374	1408	27183436	27183402	0.001	49.1
HQ656025.1	Scaffold_3	84.783	46	3	4	832	876	20263940	20263898	0.048	43.6
HQ656025.1	Scaffold_3	82.979	47	6	2	8	53	2855900	2855855	0.17	41.7
HQ656025.1	Scaffold_3	88.235	34	2	2	1268	1300	12522067	12522099	0.63	39.9
HQ656025.1	Scaffold_3	85.366	41	3	3	39	76	13205295	13205255	0.63	39.9
HQ656025.1	Scaffold_3	83.721	43	6	1	22	64	16539680	16539721	0.63	39.9
HQ656025.1	Scaffold_3	92.593	27	1	1	40	66	4477926	4477951	2.2	38.1
HQ656025.1	Scaffold_3	100.000	20	0	0	258	277	14168021	14168040	2.2	38.1
HQ656025.1	Scaffold_3	89.655	29	3	0	39	67	24596912	24596940	2.2	38.1
HQ656025.1	Scaffold_3	80.357	56	6	5	26	80	27281505	27281556	2.2	38.1
HQ656025.1	Scaffold_3	95.455	22	1	0	284	305	835922	835901	8.1	36.2
HQ656025.1	Scaffold_3	90.000	30	0	3	50	77	1101946	1101918	8.1	36.2
HQ656025.1	Scaffold_3	95.652	23	0	1	133	154	1867316	1867294	8.1	36.2
HQ656025.1	Scaffold_3	83.333	42	4	3	29	68	3604560	3604600	8.1	36.2
HQ656025.1	Scaffold_3	81.250	48	6	3	37	83	3712307	3712262	8.1	36.2
HQ656025.1	Scaffold_3	83.333	42	3	4	34	73	4833550	4833511	8.1	36.2
HQ656025.1	Scaffold_3	89.286	28	3	0	136	163	5124490	5124517	8.1	36.2
HQ656025.1	Scaffold_3	87.500	32	3	1	113	143	5347630	5347599	8.1	36.2
HQ656025.1	Scaffold_3	95.455	22	1	0	59	80	6152265	6152286	8.1	36.2
HQ656025.1	Scaffold_3	84.211	38	4	2	28	64	7222534	7222498	8.1	36.2
HQ656025.1	Scaffold_3	90.000	30	0	3	40	66	8882045	8882074	8.1	36.2
HQ656025.1	Scaffold_3	89.655	29	2	1	136	163	9887307	9887335	8.1	36.2
HQ656025.1	Scaffold_3	84.211	38	5	1	41	78	13306652	13306688	8.1	36.2
HQ656025.1	Scaffold_3	89.655	29	2	1	49	76	14997001	14996973	8.1	36.2
HQ656025.1	Scaffold_3	100.000	19	0	0	338	356	15820614	15820632	8.1	36.2
HQ656025.1	Scaffold_3	92.308	26	0	2	45	70	17773746	17773769	8.1	36.2
HQ656025.1	Scaffold_3	100.000	19	0	0	75	93	22926062	22926044	8.1	36.2
HQ656025.1	Scaffold_3	89.286	28	3	0	1570	1597	24598699	24598726	8.1	36.2
HQ656025.1	Scaffold_3	87.500	32	3	1	57	87	24973746	24973715	8.1	36.2
HQ656025.1	Scaffold_3	92.308	26	0	2	49	72	25168248	25168223	8.1	36.2
HQ656025.1	Scaffold_3	92.308	26	1	1	1575	1599	25816926	25816901	8.1	36.2
HQ656025.1	Scaffold_3	100.000	19	0	0	812	830	26893482	26893464	8.1	36.2
HQ656025.1	Scaffold_3	89.655	29	1	2	57	84	27714814	27714841	8.1	36.2
HQ656025.1	Scaffold_3	89.655	29	1	2	302	329	28738833	28738806	8.1	36.2
HQ656025.1	Scaffold_3	84.615	39	3	3	35	70	29433815	29433853	8.1	36.2
HQ656025.1	Scaffold_3	84.615	39	3	3	35	70	29433861	29433899	8.1	36.2
HQ656025.1	Scaffold_8	82.692	52	9	0	1015	1066	12099517	12099568	0.004	47.3
HQ656025.1	Scaffold_8	84.444	45	7	0	1133	1177	2412140	2412184	0.013	45.4
HQ656025.1	Scaffold_8	96.154	26	1	0	40	65	7063600	7063625	0.048	43.6
HQ656025.1	Scaffold_8	93.333	30	1	1	35	64	12814276	12814304	0.048	43.6
HQ656025.1	Scaffold_8	84.091	44	5	2	22	64	6377106	6377148	0.17	41.7
HQ656025.1	Scaffold_8	84.444	45	4	3	814	857	17619004	17618962	0.17	41.7
HQ656025.1	Scaffold_8	81.132	53	7	3	27	76	452444	452392	0.63	39.9
HQ656025.1	Scaffold_8	85.366	41	3	3	811	851	2435081	2435044	0.63	39.9
HQ656025.1	Scaffold_8	100.000	21	0	0	347	367	9000061	9000041	0.63	39.9
HQ656025.1	Scaffold_8	86.486	37	4	1	41	76	13413110	13413074	0.63	39.9
HQ656025.1	Scaffold_8	80.357	56	7	3	10	65	19360866	19360815	0.63	39.9
HQ656025.1	Scaffold_8	87.879	33	2	2	784	815	3122257	3122288	2.2	38.1
HQ656025.1	Scaffold_8	92.308	26	2	0	138	163	3458531	3458556	2.2	38.1
HQ656025.1	Scaffold_8	85.000	40	2	4	40	79	7204385	7204420	2.2	38.1
HQ656025.1	Scaffold_8	86.111	36	3	2	56	91	7536129	7536096	2.2	38.1
HQ656025.1	Scaffold_8	78.571	70	5	6	3	69	7842544	7842482	2.2	38.1
HQ656025.1	Scaffold_8	77.966	59	13	0	1100	1158	7926521	7926463	2.2	38.1
HQ656025.1	Scaffold_8	86.486	37	2	3	44	78	8556908	8556873	2.2	38.1
HQ656025.1	Scaffold_8	92.593	27	0	2	133	158	17600786	17600761	2.2	38.1
HQ656025.1	Scaffold_8	87.879	33	3	1	37	68	19366776	19366744	2.2	38.1
HQ656025.1	Scaffold_8	89.655	29	3	0	41	69	23310210	23310182	2.2	38.1
HQ656025.1	Scaffold_8	95.455	22	1	0	821	842	764703	764724	8.1	36.2
HQ656025.1	Scaffold_8	100.000	19	0	0	949	967	1734321	1734339	8.1	36.2
HQ656025.1	Scaffold_8	89.286	28	3	0	149	176	2343252	2343279	8.1	36.2
HQ656025.1	Scaffold_8	87.500	32	3	1	1030	1060	3311885	3311916	8.1	36.2
HQ656025.1	Scaffold_8	85.294	34	5	0	1581	1614	4143770	4143737	8.1	36.2
HQ656025.1	Scaffold_8	85.714	35	3	2	21	53	5121791	5121757	8.1	36.2
HQ656025.1	Scaffold_8	87.500	32	2	2	53	82	5423693	5423662	8.1	36.2
HQ656025.1	Scaffold_8	89.655	29	1	2	1034	1060	6598638	6598666	8.1	36.2
HQ656025.1	Scaffold_8	89.655	29	1	2	147	174	8793596	8793623	8.1	36.2
HQ656025.1	Scaffold_8	92.000	25	2	0	870	894	9260698	9260722	8.1	36.2
HQ656025.1	Scaffold_8	81.395	43	8	0	1486	1528	9943993	9943951	8.1	36.2
HQ656025.1	Scaffold_8	89.655	29	2	1	57	84	10086377	10086405	8.1	36.2
HQ656025.1	Scaffold_8	87.500	32	2	2	45	76	10322937	10322966	8.1	36.2
HQ656025.1	Scaffold_8	100.000	19	0	0	811	829	13093011	13092993	8.1	36.2
HQ656025.1	Scaffold_8	95.455	22	1	0	69	90	14092893	14092872	8.1	36.2
HQ656025.1	Scaffold_8	89.286	28	3	0	38	65	15124861	15124834	8.1	36.2
HQ656025.1	Scaffold_8	89.286	28	3	0	37	64	17375567	17375540	8.1	36.2
HQ656025.1	Scaffold_8	89.655	29	1	2	150	177	17785170	17785143	8.1	36.2
HQ656025.1	Scaffold_8	78.333	60	10	3	10	68	19913187	19913244	8.1	36.2
HQ656025.1	Scaffold_11	89.474	38	3	1	28	64	4453897	4453860	0.004	47.3
HQ656025.1	Scaffold_11	90.909	33	2	1	39	70	8876297	8876265	0.048	43.6
HQ656025.1	Scaffold_11	92.857	28	2	0	35	62	863640	863613	0.17	41.7
HQ656025.1	Scaffold_11	92.857	28	2	0	35	62	870285	870258	0.17	41.7
HQ656025.1	Scaffold_11	92.308	26	2	0	58	83	2356706	2356681	2.2	38.1
HQ656025.1	Scaffold_11	89.655	29	3	0	130	158	4908582	4908554	2.2	38.1
HQ656025.1	Scaffold_11	86.111	36	4	1	44	79	7012746	7012712	2.2	38.1
HQ656025.1	Scaffold_11	85.714	35	5	0	34	68	14365452	14365486	2.2	38.1
HQ656025.1	Scaffold_11	87.879	33	2	2	56	86	15675961	15675993	2.2	38.1
HQ656025.1	Scaffold_11	100.000	19	0	0	1035	1053	1417687	1417705	8.1	36.2
HQ656025.1	Scaffold_11	95.455	22	1	0	1295	1316	7231700	7231679	8.1	36.2
HQ656025.1	Scaffold_11	92.000	25	2	0	50	74	9677570	9677594	8.1	36.2
HQ656025.1	Scaffold_11	87.879	33	1	2	36	68	11162824	11162795	8.1	36.2
HQ656025.1	Scaffold_11	92.308	26	1	1	1576	1601	12211940	12211964	8.1	36.2
HQ656025.1	Scaffold_11	89.655	29	2	1	57	84	16474419	16474447	8.1	36.2
HQ656025.1	Scaffold_11	87.500	32	3	1	45	76	17426444	17426474	8.1	36.2
HQ656025.1	Scaffold_11	82.927	41	5	2	27	65	17490678	17490638	8.1	36.2
HQ656025.1	Scaffold_11	87.500	32	3	1	22	52	18172423	18172454	8.1	36.2
HQ656025.1	Scaffold_11	89.286	28	3	0	1499	1526	18472120	18472147	8.1	36.2
HQ656025.1	Scaffold_11	89.655	29	2	1	37	65	18911112	18911139	8.1	36.2
HQ656025.1	Scaffold_11	92.000	25	2	0	54	78	19588379	19588403	8.1	36.2
HQ656025.1	Scaffold_11	89.655	29	2	1	34	62	20007011	20007038	8.1	36.2
HQ656025.1	Scaffold_11	92.000	25	2	0	31	55	22062888	22062912	8.1	36.2
HQ656025.1	Scaffold_13	91.176	34	2	1	131	163	4674653	4674686	0.013	45.4
HQ656025.1	Scaffold_13	82.143	56	7	3	4	59	16077849	16077901	0.013	45.4
HQ656025.1	Scaffold_13	86.842	38	3	2	28	64	12369741	12369705	0.17	41.7
HQ656025.1	Scaffold_13	90.000	30	3	0	1454	1483	6562207	6562178	0.63	39.9
HQ656025.1	Scaffold_13	86.842	38	1	4	704	740	8978499	8978533	0.63	39.9
HQ656025.1	Scaffold_13	90.323	31	1	2	36	65	19622610	19622581	0.63	39.9
HQ656025.1	Scaffold_13	78.462	65	10	3	3	66	20274641	20274580	0.63	39.9
HQ656025.1	Scaffold_13	86.111	36	3	2	864	899	5228533	5228566	2.2	38.1
HQ656025.1	Scaffold_13	92.593	27	1	1	1446	1471	8401425	8401451	2.2	38.1
HQ656025.1	Scaffold_13	95.652	23	1	0	50	72	9745172	9745150	2.2	38.1
HQ656025.1	Scaffold_13	95.833	24	0	1	141	163	10282585	10282562	2.2	38.1
HQ656025.1	Scaffold_13	90.000	30	2	1	149	178	14859692	14859664	2.2	38.1
HQ656025.1	Scaffold_13	95.455	22	1	0	56	77	1195107	1195128	8.1	36.2
HQ656025.1	Scaffold_13	89.655	29	2	1	44	72	2081018	2080991	8.1	36.2
HQ656025.1	Scaffold_13	100.000	19	0	0	338	356	4582085	4582103	8.1	36.2
HQ656025.1	Scaffold_13	95.455	22	1	0	821	842	5871115	5871136	8.1	36.2
HQ656025.1	Scaffold_13	92.000	25	2	0	1574	1598	6497100	6497076	8.1	36.2
HQ656025.1	Scaffold_13	86.111	36	2	3	142	177	7490558	7490590	8.1	36.2
HQ656025.1	Scaffold_13	95.652	23	0	1	789	810	10395817	10395839	8.1	36.2
HQ656025.1	Scaffold_13	100.000	19	0	0	56	74	13841630	13841648	8.1	36.2
HQ656025.1	Scaffold_13	80.000	55	6	5	27	78	15684546	15684494	8.1	36.2
HQ656025.1	Scaffold_13	87.097	31	4	0	132	162	15789767	15789737	8.1	36.2
HQ656025.1	Scaffold_13	82.222	45	5	2	22	66	16451742	16451701	8.1	36.2
HQ656025.1	Scaffold_13	89.655	29	1	2	139	166	17697452	17697479	8.1	36.2
HQ656025.1	Scaffold_13	87.500	32	3	1	712	743	20296744	20296714	8.1	36.2
HQ656025.1	Scaffold_12	89.189	37	2	2	36	71	9868247	9868212	0.013	45.4
HQ656025.1	Scaffold_12	83.721	43	7	0	27	69	5993219	5993261	0.17	41.7
HQ656025.1	Scaffold_12	90.323	31	2	1	135	165	6739867	6739896	0.63	39.9
HQ656025.1	Scaffold_12	90.323	31	1	2	820	849	7792290	7792319	0.63	39.9
HQ656025.1	Scaffold_12	81.481	54	4	5	27	77	9911742	9911692	0.63	39.9
HQ656025.1	Scaffold_12	95.833	24	1	0	56	79	10131132	10131109	0.63	39.9
HQ656025.1	Scaffold_12	78.788	66	9	3	35	95	10393397	10393332	0.63	39.9
HQ656025.1	Scaffold_12	88.235	34	3	1	51	84	13485593	13485561	0.63	39.9
HQ656025.1	Scaffold_12	83.333	42	5	2	24	64	1420690	1420730	2.2	38.1
HQ656025.1	Scaffold_12	87.879	33	3	1	40	71	1750848	1750816	2.2	38.1
HQ656025.1	Scaffold_12	95.833	24	0	1	131	153	2444200	2444223	2.2	38.1
HQ656025.1	Scaffold_12	89.655	29	3	0	38	66	5410536	5410564	2.2	38.1
HQ656025.1	Scaffold_12	82.609	46	5	3	3	47	7937984	7937941	2.2	38.1
HQ656025.1	Scaffold_12	92.308	26	2	0	39	64	10067019	10067044	2.2	38.1
HQ656025.1	Scaffold_12	95.652	23	1	0	130	152	18234869	18234891	2.2	38.1
HQ656025.1	Scaffold_12	84.211	38	5	1	687	724	935200	935236	8.1	36.2
HQ656025.1	Scaffold_12	89.286	28	3	0	820	847	3028898	3028925	8.1	36.2
HQ656025.1	Scaffold_12	85.294	34	5	0	14	47	4033996	4034029	8.1	36.2
HQ656025.1	Scaffold_12	89.286	28	3	0	1512	1539	4918699	4918726	8.1	36.2
HQ656025.1	Scaffold_12	89.286	28	3	0	139	166	5620761	5620734	8.1	36.2
HQ656025.1	Scaffold_12	81.818	44	6	2	22	64	6456836	6456878	8.1	36.2
HQ656025.1	Scaffold_12	87.500	32	3	1	34	65	7469395	7469365	8.1	36.2
HQ656025.1	Scaffold_12	95.652	23	0	1	27	48	7940275	7940297	8.1	36.2
HQ656025.1	Scaffold_12	95.455	22	1	0	1056	1077	8104051	8104030	8.1	36.2
HQ656025.1	Scaffold_12	95.455	22	1	0	27	48	8764717	8764738	8.1	36.2
HQ656025.1	Scaffold_12	95.455	22	1	0	820	841	9324046	9324025	8.1	36.2
HQ656025.1	Scaffold_12	85.714	35	4	1	139	173	9733210	9733243	8.1	36.2
HQ656025.1	Scaffold_12	87.500	32	2	2	147	177	12586442	12586472	8.1	36.2
HQ656025.1	Scaffold_12	87.500	32	2	2	147	177	12595209	12595239	8.1	36.2
HQ656025.1	Scaffold_12	95.455	22	1	0	72	93	12756579	12756600	8.1	36.2
HQ656025.1	Scaffold_12	89.655	29	2	1	56	84	16309137	16309164	8.1	36.2
HQ656025.1	Scaffold_12	92.000	25	2	0	1576	1600	16418333	16418309	8.1	36.2
HQ656025.1	Scaffold_12	100.000	19	0	0	23	41	19592657	19592639	8.1	36.2
HQ656025.1	Scaffold_12	87.500	32	3	1	134	165	21720329	21720359	8.1	36.2
HQ656025.1	Scaffold_7	86.364	44	1	5	49	90	23041527	23041487	0.048	43.6
HQ656025.1	Scaffold_7	87.179	39	1	3	28	64	19022726	19022690	0.17	41.7
HQ656025.1	Scaffold_7	90.625	32	1	2	33	63	20274381	20274351	0.17	41.7
HQ656025.1	Scaffold_7	88.235	34	3	1	33	66	4834318	4834286	0.63	39.9
HQ656025.1	Scaffold_7	92.857	28	0	2	52	79	6562090	6562115	0.63	39.9
HQ656025.1	Scaffold_7	78.125	64	12	2	37	98	16051066	16051003	0.63	39.9
HQ656025.1	Scaffold_7	92.857	28	1	1	1587	1613	17583847	17583820	0.63	39.9
HQ656025.1	Scaffold_7	90.625	32	0	3	21	52	19276459	19276431	0.63	39.9
HQ656025.1	Scaffold_7	90.625	32	0	3	21	52	19459425	19459453	0.63	39.9
HQ656025.1	Scaffold_7	92.308	26	2	0	39	64	3872697	3872672	2.2	38.1
HQ656025.1	Scaffold_7	92.308	26	2	0	869	894	5877562	5877587	2.2	38.1
HQ656025.1	Scaffold_7	95.652	23	1	0	49	71	9979051	9979073	2.2	38.1
HQ656025.1	Scaffold_7	92.593	27	1	1	131	157	13594042	13594067	2.2	38.1
HQ656025.1	Scaffold_7	90.000	30	1	2	59	87	16557230	16557202	2.2	38.1
HQ656025.1	Scaffold_7	89.655	29	3	0	26	54	22064630	22064602	2.2	38.1
HQ656025.1	Scaffold_7	87.879	33	2	2	25	55	22242976	22242944	2.2	38.1
HQ656025.1	Scaffold_7	84.211	38	6	0	29	66	23233450	23233413	2.2	38.1
HQ656025.1	Scaffold_7	90.000	30	2	1	35	64	23324196	23324168	2.2	38.1
HQ656025.1	Scaffold_7	86.111	36	2	3	688	723	1352282	1352314	8.1	36.2
HQ656025.1	Scaffold_7	92.308	26	0	2	55	79	4432234	4432258	8.1	36.2
HQ656025.1	Scaffold_7	89.655	29	1	2	50	76	6593224	6593196	8.1	36.2
HQ656025.1	Scaffold_7	95.455	22	1	0	45	66	7380592	7380571	8.1	36.2
HQ656025.1	Scaffold_7	100.000	19	0	0	47	65	8038344	8038326	8.1	36.2
HQ656025.1	Scaffold_7	85.714	35	4	1	823	857	9481118	9481085	8.1	36.2
HQ656025.1	Scaffold_7	87.879	33	1	3	139	170	9542828	9542798	8.1	36.2
HQ656025.1	Scaffold_7	95.455	22	1	0	63	84	15291594	15291573	8.1	36.2
HQ656025.1	Scaffold_7	92.308	26	0	2	134	158	18691331	18691355	8.1	36.2
HQ656025.1	Scaffold_7	87.500	32	3	1	132	163	18747903	18747873	8.1	36.2
HQ656025.1	Scaffold_7	89.655	29	2	1	133	161	19557129	19557156	8.1	36.2
HQ656025.1	Scaffold_7	89.655	29	1	2	51	78	20757706	20757679	8.1	36.2
HQ656025.1	Scaffold_7	89.286	28	3	0	42	69	23131253	23131280	8.1	36.2
HQ656025.1	Scaffold_7	100.000	19	0	0	85	103	23673469	23673451	8.1	36.2
HQ656025.1	Scaffold_10	96.154	26	1	0	22	47	3556297	3556322	0.048	43.6
HQ656025.1	Scaffold_10	90.909	33	1	2	56	86	18554924	18554956	0.048	43.6
HQ656025.1	Scaffold_10	82.222	45	8	0	22	66	1673478	1673522	0.63	39.9
HQ656025.1	Scaffold_10	90.625	32	0	3	705	734	14769511	14769541	0.63	39.9
HQ656025.1	Scaffold_10	80.000	60	7	5	5	62	18349278	18349334	0.63	39.9
HQ656025.1	Scaffold_10	81.633	49	5	3	841	887	4955625	4955579	2.2	38.1
HQ656025.1	Scaffold_10	80.000	55	7	3	21	72	7458810	7458863	2.2	38.1
HQ656025.1	Scaffold_10	80.769	52	6	4	22	72	13039326	13039278	2.2	38.1
HQ656025.1	Scaffold_10	92.593	27	1	1	22	47	15601997	15602023	2.2	38.1
HQ656025.1	Scaffold_10	86.111	36	3	2	43	77	22346179	22346213	2.2	38.1
HQ656025.1	Scaffold_10	85.714	35	3	2	64	96	236555	236521	8.1	36.2
HQ656025.1	Scaffold_10	95.652	23	0	1	51	72	2399826	2399804	8.1	36.2
HQ656025.1	Scaffold_10	84.615	39	3	3	27	65	7426748	7426783	8.1	36.2
HQ656025.1	Scaffold_10	95.652	23	0	1	1579	1601	8487458	8487479	8.1	36.2
HQ656025.1	Scaffold_10	72.059	136	32	5	1340	1472	8788387	8788255	8.1	36.2
HQ656025.1	Scaffold_10	89.286	28	3	0	28	55	11179599	11179572	8.1	36.2
HQ656025.1	Scaffold_10	85.714	35	3	2	9	43	11373308	11373276	8.1	36.2
HQ656025.1	Scaffold_10	92.308	26	1	1	1575	1599	11478605	11478580	8.1	36.2
HQ656025.1	Scaffold_10	89.655	29	2	1	135	163	12437460	12437487	8.1	36.2
HQ656025.1	Scaffold_10	87.879	33	1	3	1071	1103	13896676	13896705	8.1	36.2
HQ656025.1	Scaffold_10	95.455	22	1	0	56	77	15946721	15946700	8.1	36.2
HQ656025.1	Scaffold_10	83.333	42	4	3	39	79	17240597	17240558	8.1	36.2
HQ656025.1	Scaffold_10	83.784	37	6	0	32	68	17338085	17338121	8.1	36.2
HQ656025.1	Scaffold_10	89.655	29	2	1	135	163	20047725	20047752	8.1	36.2
HQ656025.1	Scaffold_10	89.655	29	1	2	137	164	21581110	21581083	8.1	36.2
HQ656025.1	Scaffold_10	92.000	25	2	0	39	63	22445645	22445669	8.1	36.2
HQ656025.1	Scaffold_6	75.904	83	18	2	5	87	14886904	14886824	0.17	41.7
HQ656025.1	Scaffold_6	82.143	56	3	5	22	70	16249339	16249394	0.17	41.7
HQ656025.1	Scaffold_6	90.625	32	2	1	132	163	20690768	20690738	0.17	41.7
HQ656025.1	Scaffold_6	92.593	27	2	0	137	163	20945646	20945672	0.63	39.9
HQ656025.1	Scaffold_6	88.235	34	1	3	1576	1607	471693	471661	2.2	38.1
HQ656025.1	Scaffold_6	90.000	30	1	2	710	738	1298811	1298783	2.2	38.1
HQ656025.1	Scaffold_6	89.655	29	3	0	640	668	1812475	1812447	2.2	38.1
HQ656025.1	Scaffold_6	95.652	23	1	0	25	47	1955671	1955649	2.2	38.1
HQ656025.1	Scaffold_6	90.000	30	1	2	42	70	3671312	3671284	2.2	38.1
HQ656025.1	Scaffold_6	95.652	23	1	0	50	72	5465100	5465078	2.2	38.1
HQ656025.1	Scaffold_6	95.652	23	1	0	1548	1570	5762664	5762686	2.2	38.1
HQ656025.1	Scaffold_6	90.323	31	0	3	813	842	6721558	6721530	2.2	38.1
HQ656025.1	Scaffold_6	84.211	38	6	0	13	50	9998133	9998170	2.2	38.1
HQ656025.1	Scaffold_6	80.769	52	6	4	23	73	13825574	13825526	2.2	38.1
HQ656025.1	Scaffold_6	90.000	30	2	1	34	62	14381034	14381063	2.2	38.1
HQ656025.1	Scaffold_6	83.333	42	5	2	37	77	16679268	16679228	2.2	38.1
HQ656025.1	Scaffold_6	79.630	54	9	2	17	70	17837560	17837509	2.2	38.1
HQ656025.1	Scaffold_6	86.486	37	1	4	128	163	18284631	18284664	2.2	38.1
HQ656025.1	Scaffold_6	83.721	43	4	3	810	850	23285817	23285858	2.2	38.1
HQ656025.1	Scaffold_6	92.308	26	0	2	827	851	307353	307329	8.1	36.2
HQ656025.1	Scaffold_6	81.633	49	3	5	27	72	685874	685919	8.1	36.2
HQ656025.1	Scaffold_6	89.286	28	3	0	850	877	2078858	2078885	8.1	36.2
HQ656025.1	Scaffold_6	89.655	29	1	2	835	862	2642475	2642502	8.1	36.2
HQ656025.1	Scaffold_6	89.655	29	2	1	51	79	5227052	5227025	8.1	36.2
HQ656025.1	Scaffold_6	92.000	25	2	0	43	67	5551961	5551985	8.1	36.2
HQ656025.1	Scaffold_6	92.308	26	0	2	1582	1605	6456249	6456274	8.1	36.2
HQ656025.1	Scaffold_6	100.000	19	0	0	863	881	6603156	6603138	8.1	36.2
HQ656025.1	Scaffold_6	90.000	30	0	3	38	67	7239385	7239411	8.1	36.2
HQ656025.1	Scaffold_6	100.000	19	0	0	808	826	7951365	7951347	8.1	36.2
HQ656025.1	Scaffold_6	89.286	28	3	0	6	33	10059177	10059150	8.1	36.2
HQ656025.1	Scaffold_6	89.655	29	2	1	56	83	10571356	10571328	8.1	36.2
HQ656025.1	Scaffold_6	87.097	31	4	0	133	163	10916197	10916167	8.1	36.2
HQ656025.1	Scaffold_6	89.286	28	3	0	811	838	13828649	13828622	8.1	36.2
HQ656025.1	Scaffold_6	85.714	35	4	1	10	44	14650506	14650473	8.1	36.2
HQ656025.1	Scaffold_6	95.455	22	1	0	811	832	15090537	15090516	8.1	36.2
HQ656025.1	Scaffold_6	83.784	37	6	0	32	68	15620811	15620775	8.1	36.2
HQ656025.1	Scaffold_6	85.714	35	3	2	39	71	19455692	19455658	8.1	36.2
HQ656025.1	Scaffold_6	87.097	31	4	0	1435	1465	22150880	22150910	8.1	36.2
HQ656025.1	Scaffold_6	95.455	22	1	0	135	156	23851027	23851006	8.1	36.2
HQ656025.1	Scaffold_6	95.455	22	1	0	59	80	24122862	24122883	8.1	36.2
HQ656025.1	Scaffold_6	92.308	26	0	2	669	694	24618708	24618731	8.1	36.2
HQ656025.1	Scaffold_14	78.873	71	7	5	3	72	3527931	3527994	0.17	41.7
HQ656025.1	Scaffold_14	81.034	58	4	6	3	60	18485224	18485274	0.63	39.9
HQ656025.1	Scaffold_14	100.000	21	0	0	811	831	19373956	19373976	0.63	39.9
HQ656025.1	Scaffold_14	95.652	23	1	0	128	150	2456866	2456844	2.2	38.1
HQ656025.1	Scaffold_14	100.000	20	0	0	41	60	4396245	4396264	2.2	38.1
HQ656025.1	Scaffold_14	90.000	30	2	1	51	79	6942257	6942286	2.2	38.1
HQ656025.1	Scaffold_14	92.308	26	2	0	1576	1601	8033991	8034016	2.2	38.1
HQ656025.1	Scaffold_14	92.593	27	1	1	339	364	9496855	9496829	2.2	38.1
HQ656025.1	Scaffold_14	90.000	30	1	2	39	67	10547292	10547264	2.2	38.1
HQ656025.1	Scaffold_14	85.000	40	2	3	34	72	10699480	10699444	2.2	38.1
HQ656025.1	Scaffold_14	92.308	26	2	0	39	64	12286231	12286256	2.2	38.1
HQ656025.1	Scaffold_14	92.308	26	2	0	140	165	13905030	13905005	2.2	38.1
HQ656025.1	Scaffold_14	79.310	58	9	3	22	77	15201270	15201326	2.2	38.1
HQ656025.1	Scaffold_14	79.661	59	7	5	22	79	15833456	15833510	2.2	38.1
HQ656025.1	Scaffold_14	90.000	30	1	2	57	86	16355222	16355195	2.2	38.1
HQ656025.1	Scaffold_14	92.593	27	0	2	636	660	16537222	16537248	2.2	38.1
HQ656025.1	Scaffold_14	81.132	53	5	5	22	72	18305052	18305101	2.2	38.1
HQ656025.1	Scaffold_14	100.000	19	0	0	47	65	4057308	4057326	8.1	36.2
HQ656025.1	Scaffold_14	82.927	41	5	2	57	96	5150112	5150151	8.1	36.2
HQ656025.1	Scaffold_14	85.714	35	3	2	54	87	5694276	5694309	8.1	36.2
HQ656025.1	Scaffold_14	77.465	71	9	6	3	68	7113600	7113532	8.1	36.2
HQ656025.1	Scaffold_14	100.000	19	0	0	338	356	7725791	7725773	8.1	36.2
HQ656025.1	Scaffold_14	89.286	28	3	0	1581	1608	8584572	8584599	8.1	36.2
HQ656025.1	Scaffold_14	87.500	32	2	2	864	894	10101796	10101766	8.1	36.2
HQ656025.1	Scaffold_14	89.286	28	3	0	136	163	10708114	10708087	8.1	36.2
HQ656025.1	Scaffold_14	92.308	26	1	1	22	47	12538976	12539000	8.1	36.2
HQ656025.1	Scaffold_14	85.714	35	3	2	54	87	13019480	13019447	8.1	36.2
HQ656025.1	Scaffold_14	92.308	26	0	2	22	47	14252975	14252998	8.1	36.2
HQ656025.1	Scaffold_14	95.652	23	0	1	61	82	16183173	16183195	8.1	36.2
HQ656025.1	Scaffold_14	92.000	25	2	0	132	156	17295950	17295926	8.1	36.2
HQ656025.1	Scaffold_14	95.652	23	0	1	49	71	17409278	17409257	8.1	36.2
HQ656025.1	Scaffold_14	92.000	25	2	0	1057	1081	17698738	17698714	8.1	36.2
HQ656025.1	Contig60|quiver|	100.000	21	0	0	1581	1601	5748	5768	0.63	39.9
HQ656025.1	Contig190|quiver|	78.261	69	8	6	4	71	5924	5986	2.2	38.1
HQ656025.1	Contig197|quiver|	90.000	30	1	2	38	65	15534	15563	2.2	38.1
HQ656025.1	Contig383|quiver|	95.455	22	1	0	55	76	8735	8714	8.1	36.2
HQ656025.1	Contig458|quiver|	92.308	26	1	1	136	161	1267	1291	8.1	36.2
HQ656025.1	Contig177|quiver|	84.211	38	4	2	489	526	748284	748249	8.1	36.2
